5.3171
5.8219
6.3517
6.5201
6.5999
6.4649
6.2239
6.0977
6.3924
6.7084
7.8155
8.2702
9.1974
10.326
11.698
13.004
14.302
15.502
15.948
16.398
15.665
15.013
13.72
12.554
11.16
9.9765
8.932
8.132
7.5887
7.0124
6.9702
7.3112
7.7195
8.398
9.089
9.9572
10.943
11.68
12.556
13.554
14.493
15.032
15.698
16.068
16.56
17.035
17.212
17.447
17.674
17.733
17.813
17.91
17.851
18.019
17.902
17.662
17.477
17.316
17.03
16.858
16.659
16.71
16.967
17.106
17.587
18.084
18.82
19.473
20.155
20.855
21.293
21.604
21.81
21.874
21.983
22.017
21.819
21.533
21.428
21.277
21.29
21.223
21.034
20.937
20.722
20.584
20.487
20.47
20.229
19.799
19.386
18.994
18.766
18.454
18.025
17.683
17.321
17.128
16.96
17.233
17.401
17.772
18.198
18.829
19.582
20.445
21.494
22.509
23.604
24.388
25.398
26.199
26.973
27.635
28.275
28.717
29.054
29.222
29.42
29.356
29.273
29.125
28.868
28.675
28.401
28.027
27.656
27.352
26.877
26.574
26.081
25.794
25.55
25.103
24.649
24.299
23.991
23.486
23.145
22.875
22.694
22.378
22.061
21.922
21.804
21.821
21.703
21.832
22.018
22.376
22.616
22.92
23.637
24.155
24.908
25.637
26.496
27.368
28.239
29.023
29.942
30.876
31.423
32.084
32.645
33.078
33.496
33.782
33.954
34.068
34.261
34.257
34.359
34.397
34.211
33.866
33.584
33.306
32.721
32.25
31.454
30.855
30.017
29.351
28.948
28.687
28.38
28.241
28.405
28.497
28.947
29.313
29.654
30.142
30.55
31.004
31.404
31.66
31.934
32.207
32.342
32.494
32.819
33.072
33.308
33.498
33.797
34.13
34.657
34.973
35.47
35.861
36.351
36.789
37.151
37.601
38.006
38.398
38.575
38.862
38.925
39.161
39.308
39.392
39.556
39.388
39.252
38.641
38.287
37.945
37.705
37.394
36.96
36.535
35.933
35.462
34.809
34.733
34.59
34.628
34.505
34.235
34.062
34.045
34.171
34.495
34.815
34.908
34.874
34.887
35.009
35.274
35.514
35.577
35.645
35.624
35.814
36.151
36.391
36.606
36.783
37.108
37.327
37.72
38.137
38.718
39.088
39.506
39.928
40.332
40.761
41.056
41.414
41.599
41.814
41.811
41.903
41.878
41.861
41.587
41.423
41.086
40.72
40.349
39.801
39.418
38.941
38.465
38.082
37.816
37.436
37.319
37.247
37.175
37.204
37.17
37.217
37.301
37.331
37.39
37.454
37.433
37.429
37.37
37.362
37.353
37.383
37.34
37.307
37.311
37.268
37.302
37.373
37.647
37.773
38.021
38.232
38.497
38.986
39.339
39.865
40.211
40.67
40.996
41.446
41.795
42.123
42.469
42.625
42.756
42.853
42.857
42.744
42.52
42.288
41.956
41.527
41.144
40.625
40.259
39.75
39.442
39.075
38.705
38.346
38.005
37.76
37.288
37.027
36.685
36.483
36.226
36.045
36.032
36.049
36.062
36.193
36.516
36.774
37.031
37.288
37.528
37.839
37.978
38.235
38.438
38.758
39.04
39.369
39.711
40.052
40.351
40.625
40.891
41.025
41.333
41.367
41.316
41.338
41.405
41.603
41.852
42.067
42.218
42.458
42.454
42.592
42.622
42.55
42.479
42.061
41.729
41.228
40.916
40.411
40.116
39.657
39.434
39.121
38.734
38.544
38.249
38.126
37.717
37.455
37.186
37.038
36.786
36.55
36.558
36.621
36.693
36.837
37.225
37.537
37.878
38.198
38.645
39.138
39.513
39.783
40.212
40.49
40.819
41.131
41.409
41.594
41.931
42.129
42.235
42.344
42.39
42.42
42.504
42.554
42.668
42.673
42.644
42.527
42.509
42.362
42.16
42.021
41.722
41.457
41.14
40.87
40.528
40.309
40.069
39.821
39.677
39.5
39.386
39.311
39.197
39.231
39.168
39.172
39.121
39.201
39.189
39.18
39.176
39.147
39.147
39.139
39.172
39.223
39.248
39.408
39.488
39.75
39.977
40.209
40.52
40.832
41.228
41.556
42.067
42.404
42.883
43.102
43.477
43.789
44.071
44.328
44.467
44.673
44.668
44.736
44.707
44.618
44.421
44.185
43.722
43.415
42.762
42.202
41.401
40.715
40.108
39.611
38.987
38.628
38.198
38.047
38.072
38.076
38.249
38.249
38.324
38.312
38.624
38.562
38.899
38.756
38.747
38.57
38.583
38.747
38.869
39.152
39.147
39.522
39.619
39.808
39.787
40.28
40.616
41.109
41.471
41.745
42.297
42.566
43.029
43.455
44.146
44.382
44.702
44.765
44.731
44.908
44.694
44.618
44.331
44.202
43.752
43.448
42.77
42.143
41.621
40.766
40.079
39.379
38.705
37.993
37.504
36.931
36.753
36.407
36.128
36.036
35.998
35.909
35.964
35.921
35.967
35.946
35.968
36.133
36.124
36.259
36.289
36.362
36.319
36.48
36.653
36.818
37.088
37.173
37.527
37.801
38.016
38.487
39.098
39.435
39.814
40.041
40.377
40.722
41.093
41.349
41.711
41.791
41.964
42.154
42.204
42.457
42.395
42.244
41.933
41.634
41.205
40.88
40.682
40.202
39.789
39.195
38.66
38.508
38.385
38.262
38.296
38.262
37.958
37.988
38.063
38.235
38.42
38.373
38.395
38.319
38.336
38.412
38.475
38.543
38.488
38.526
38.509
38.632
38.779
38.956
39.015
39.239
39.336
39.547
39.998
40.445
40.883
41.174
41.586
42.049
42.462
42.769
43.245
43.519
43.755
43.945
44.155
44.37
44.337
44.358
44.454
44.181
43.945
43.704
43.136
42.752
42.327
41.775
41.4
40.92
40.242
39.947
39.501
39.139
38.771
38.379
38.054
37.806
37.397
37.081
37.005
36.701
36.499
36.348
36.373
36.306
36.293
36.239
36.491
36.491
36.744
36.985
37.309
37.537
37.912
38.438
38.708
39.517
39.757
40.431
40.936
41.463
41.905
42.62
43.18
43.542
44.178
44.396
44.868
45.159
45.365
45.659
45.92
45.912
45.908
45.963
45.702
45.538
45.407
45.02
44.65
44.301
43.716
43.151
42.726
42.217
41.948
41.544
41.085
40.781
40.604
40.195
40.166
39.93
39.681
39.306
38.935
38.573
38.333
38.194
37.929
37.904
37.815
37.963
38.055
38.443
38.801
39.218
39.627
40.099
40.423
40.895
41.27
41.725
42.117
42.521
42.963
43.393
43.742
44.129
44.596
44.802
45.122
45.349
45.614
45.732
45.841
45.942
46.039
46.085
45.875
45.765
45.694
45.374
45.063
44.654
44.258
43.887
43.496
42.935
42.645
42.359
41.875
41.656
41.403
41.252
41.076
40.9
40.736
40.698
40.657
40.568
40.552
40.527
40.51
40.489
40.477
40.418
40.287
40.093
39.819
39.667
39.503
39.726
39.869
40.147
40.547
41.005
41.481
42.092
42.791
43.385
44.168
44.569
45.053
45.352
45.584
45.798
46.165
46.447
46.7
46.952
46.964
46.956
46.997
47.018
46.988
46.992
46.625
46.208
45.581
45.16
44.532
43.926
43.067
42.478
41.799
40.911
40.326
39.812
39.564
39.256
39.303
39.434
39.637
39.641
39.81
40.198
40.569
40.924
41.253
41.414
41.494
41.486
41.608
41.727
41.765
41.908
42.03
42.152
42.282
42.366
42.517
42.803
43.164
43.542
43.912
44.047
44.24
44.331
44.47
44.55
44.588
44.419
44.192
44.053
44.049
44.062
44.146
44.13
44.21
44.383
44.782
45.001
45.191
45.153
45.026
44.974
44.819
44.831
44.573
44.316
43.803
43.563
43.335
43.205
43.062
42.894
42.709
42.566
42.507
42.495
42.486
42.461
42.432
42.428
42.39
42.386
42.349
42.349
42.39
42.454
42.47
42.53
42.571
42.723
42.858
42.702
42.504
42.319
42.319
42.15
42.193
42.07
42.327
42.315
42.361
42.77
43.068
43.548
43.708
44.373
44.731
45.366
45.648
46.082
46.262
46.486
46.78
46.843
47.024
46.591
46.308
45.875
45.505
45.063
44.747
44.292
43.963
43.618
43.285
43.197
43.066
42.932
42.725
42.599
42.566
42.465
42.289
41.906
41.552
41.144
40.781
40.41
39.981
39.568
39.239
38.931
38.876
39.167
39.315
39.635
39.968
40.448
40.874
41.497
42.239
42.946
43.659
44.24
44.969
45.467
46.073
46.557
47.18
47.636
47.905
48.283
48.447
48.401
48.169
47.789
47.279
46.74
46.05
45.149
44.235
43.414
42.521
41.835
41.152
40.731
40.373
39.986
39.775
39.8
39.724
39.538
39.437
39.31
39.242
39.166
39.018
38.912
38.756
38.528
38.397
38.27
38.156
38.072
38.063
38.077
38.094
38.091
38.109
38.105
38.14
38.28
38.541
38.799
39.103
39.393
39.578
39.906
40.226
40.773
41.262
41.683
41.973
42.235
42.525
42.769
43.139
43.354
43.569
43.476
43.501
43.376
43.228
43.085
42.853
42.765
42.487
42.07
41.573
41.16
40.641
40.232
39.878
39.512
39.146
38.674
38.354
38.169
38.06
37.967
37.879
37.799
37.698
37.631
37.58
37.517
37.471
37.471
37.467
37.458
37.446
37.446
37.442
37.45
37.45
37.471
37.487
37.529
37.614
37.719
37.858
37.942
38.161
38.384
38.881
39.369
39.87
40.372
40.768
41.202
41.645
42.1
42.428
42.739
42.816
42.879
42.896
42.846
42.816
42.711
42.648
42.487
42.32
42.147
41.911
41.637
41.191
40.803
40.403
40.015
39.547
39.194
38.848
38.49
38.165
37.883
37.808
37.707
37.656
37.61
37.567
37.533
37.492
37.475
37.45
37.433
37.412
37.404
37.396
37.387
37.383
37.379
37.493
37.627
37.8
38.002
38.133
38.368
38.637
38.932
39.265
39.513
39.821
40.107
40.377
40.701
41.198
41.598
41.935
42.276
42.588
42.933
43.135
43.366
43.585
43.687
43.704
43.679